m, Step 1, Step 2
1000 0.018000,0.013000
2000 0.034000,0.015000
3000 0.050000,0.019000
4000 0.068000,0.023000
5000 0.083000,0.029000
6000 0.101000,0.034000
7000 0.118000,0.040000
8000 0.135000,0.045000
9000 0.151000,0.050000
10000 0.168000,0.056000
11000 0.184000,0.061000
12000 0.202000,0.067000
13000 0.219000,0.072000
14000 0.236000,0.079000
15000 0.252000,0.085000
16000 0.270000,0.089000
17000 0.286000,0.095000
18000 0.303000,0.102000
19000 0.325000,0.109000
20000 0.341000,0.116000
21000 0.360000,0.121000
22000 0.384000,0.127000
23000 0.394000,0.138000
24000 0.422000,0.138000
25000 0.439000,0.143000
26000 0.443000,0.151000
27000 0.472000,0.156000
28000 0.482000,0.170000
29000 0.496000,0.166000
30000 0.519000,0.172000
31000 0.527000,0.184000
32000 0.548000,0.181000
33000 0.568000,0.188000
34000 0.585000,0.194000
35000 0.599000,0.205000
36000 0.627000,0.212000
37000 0.630000,0.212000
38000 0.654000,0.217000
39000 0.672000,0.227000
40000 0.687000,0.226000
41000 0.709000,0.233000
42000 0.723000,0.240000
43000 0.738000,0.247000
44000 0.755000,0.251000
45000 0.774000,0.258000
46000 0.789000,0.263000
47000 0.813000,0.266000
48000 0.830000,0.284000
49000 0.843000,0.287000
50000 0.859000,0.290000
51000 0.874000,0.296000
52000 0.891000,0.296000
53000 0.906000,0.302000
54000 0.926000,0.309000
55000 0.947000,0.320000
56000 0.965000,0.329000
57000 0.976000,0.329000
58000 0.994000,0.335000
59000 1.022000,0.339000
60000 1.034000,0.342000
61000 1.044000,0.355000
62000 1.059000,0.361000
63000 1.088000,0.371000
64000 1.094000,0.364000
65000 1.112000,0.378000
66000 1.141000,0.384000
67000 1.147000,0.389000
68000 1.164000,0.388000
69000 1.185000,0.399000
70000 1.197000,0.400000
71000 1.218000,0.410000
72000 1.236000,0.418000
73000 1.250000,0.422000
74000 1.263000,0.436000
75000 1.280000,0.435000
76000 1.307000,0.434000
77000 1.325000,0.440000
78000 1.332000,0.448000
79000 1.355000,0.454000
80000 1.390000,0.479000
81000 1.477000,0.478000
82000 1.411000,0.466000
83000 1.447000,0.476000
84000 1.445000,0.482000
85000 1.510000,0.490000
86000 1.496000,0.493000
87000 1.486000,0.498000
88000 1.526000,0.501000
89000 1.535000,0.510000
90000 1.545000,0.514000
91000 1.558000,0.522000
92000 1.578000,0.537000
93000 1.605000,0.547000
94000 1.599000,0.549000
95000 1.633000,0.541000
96000 1.645000,0.543000
97000 1.654000,0.557000
98000 1.672000,0.561000
99000 1.688000,0.566000
100000 1.701000,0.570000
101000 1.727000,0.578000
102000 1.737000,0.586000
103000 1.762000,0.587000
104000 1.780000,0.593000
105000 1.782000,0.600000
106000 1.812000,0.604000
107000 1.827000,0.614000
108000 1.841000,0.614000
109000 1.865000,0.624000
110000 1.875000,0.624000
111000 1.896000,0.636000
112000 1.908000,0.637000
113000 1.930000,0.647000
114000 1.950000,0.655000
115000 1.970000,0.651000
116000 1.978000,0.664000
117000 1.992000,0.664000
118000 2.020000,0.672000
119000 2.036000,0.683000
120000 2.049000,0.687000
121000 2.067000,0.695000
122000 2.081000,0.696000
123000 2.100000,0.704000
124000 2.117000,0.712000
125000 2.132000,0.730000
126000 2.148000,0.717000
127000 2.157000,0.723000
128000 2.186000,0.724000
129000 2.204000,0.731000
130000 2.222000,0.742000
131000 2.222000,0.740000
132000 2.248000,0.754000
133000 2.263000,0.754000
134000 2.291000,0.754000
135000 2.303000,0.759000
136000 2.322000,0.769000
137000 2.340000,0.784000
138000 2.354000,0.786000
139000 2.359000,0.790000
140000 2.380000,0.798000
141000 2.405000,0.804000
142000 2.420000,0.803000
143000 2.439000,0.815000
144000 2.446000,0.821000
145000 2.465000,0.823000
146000 2.490000,0.827000
147000 2.509000,0.836000
148000 2.524000,0.848000
149000 2.535000,0.850000
150000 2.552000,0.855000
151000 2.577000,0.861000
152000 2.590000,0.861000
153000 2.609000,0.864000
154000 2.619000,0.874000
155000 2.640000,0.875000
156000 2.660000,0.885000
157000 2.669000,0.894000
158000 2.688000,0.900000
159000 2.712000,0.907000
160000 2.725000,0.907000
161000 2.735000,0.912000
162000 2.756000,0.920000
163000 2.781000,0.920000
164000 2.795000,0.935000
165000 2.816000,0.939000
166000 2.821000,0.947000
167000 2.851000,0.949000
168000 2.91